{
  "focal_len": 1300.0,
  "cx": 256.0,
  "cy": 256.0,
  "frames": [
    {
      "img_id": 0,
      "aud_id": 0,
      "transform_matrix": [
        [
          0.999683678150177,
          -0.017369311302900314,
          0.018185820430517197,
          0.034316666424274445
        ],
        [
          0.016178153455257416,
          0.9978369474411011,
          0.06371474266052246,
          0.0328044630587101
        ],
        [
          -0.019253168255090714,
          -0.06340038031339645,
          0.9978023767471313,
          0.7258676886558533
        ],
        [
          0.0,
          0.0,
          0.0,
          1.0
        ]
      ]
    },
    {
      "img_id": 1,
      "aud_id": 1,
      "transform_matrix": [
        [
          0.9997947812080383,
          -0.007929455488920212,
          0.018640702590346336,
          0.033972565084695816
        ],
        [
          0.00680118054151535,
          0.998185396194458,
          0.0598304346203804,
          0.02940100058913231
        ],
        [
          -0.019081300124526024,
          -0.059691376984119415,
          0.9980344176292419,
          0.7337470054626465
        ],
        [
          0.0,
          0.0,
          0.0,
          1.0
        ]
      ]
    },
    {
      "img_id": 2,
      "aud_id": 2,
      "transform_matrix": [
        [
          0.9999294281005859,
          -0.001968278316780925,
          0.011719231493771076,
          0.027882397174835205
        ],
        [
          0.0013630945468321443,
          0.9986758828163147,
          0.05142604932188988,
          0.022904109209775925
        ],
        [
          -0.011804934591054916,
          -0.051406439393758774,
          0.9986080527305603,
          0.7417111396789551
        ],
        [
          0.0,
          0.0,
          0.0,
          1.0
        ]
      ]
    },
    {
      "img_id": 3,
      "aud_id": 3,
      "transform_matrix": [
        [
          0.9999219179153442,
          -0.011918981559574604,
          0.0037553561851382256,
          0.02164575457572937
        ],
        [
          0.011768593452870846,
          0.9992159605026245,
          0.03780271112918854,
          0.012921007350087166
        ],
        [
          -0.0042029814794659615,
          -0.0377555675804615,
          0.99927818775177,
          0.7490993738174438
        ],
        [
          0.0,
          0.0,
          0.0,
          1.0
        ]
      ]
    },
    {
      "img_id": 4,
      "aud_id": 4,
      "transform_matrix": [
        [
          0.9997227787971497,
          -0.022583110257983208,
          -0.00666569359600544,
          0.012928929179906845
        ],
        [
          0.022716190665960312,
          0.9995294213294983,
          0.020614221692085266,
          0.0001178886741399765
        ],
        [
          0.006197023671120405,
          -0.02075992524623871,
          0.9997652769088745,
          0.7550173997879028
        ],
        [
          0.0,
          0.0,
          0.0,
          1.0
        ]
      ]
    },
    {
      "img_id": 5,
      "aud_id": 5,
      "transform_matrix": [
        [
          0.9994742274284363,
          -0.02950473502278328,
          -0.01344772893935442,
          0.005962592549622059
        ],
        [
          0.02970547042787075,
          0.999446451663971,
          0.014980057254433632,
          -0.004305600188672543
        ],
        [
          0.012998302467167377,
          -0.015371652320027351,
          0.9997973442077637,
          0.760871946811676
        ],
        [
          0.0,
          0.0,
          0.0,
          1.0
        ]
      ]
    },
    {
      "img_id": 6,
      "aud_id": 6,
      "transform_matrix": [
        [
          0.9992625713348389,
          -0.03481622040271759,
          -0.016190221533179283,
          0.001647578552365303
        ],
        [
          0.03498990833759308,
          0.9993317723274231,
          0.010571291670203209,
          -0.007733307778835297
        ],
        [
          0.01581134833395481,
          -0.01112999115139246,
          0.9998130798339844,
          0.7659354209899902
        ],
        [
          0.0,
          0.0,
          0.0,
          1.0
        ]
      ]
    },
    {
      "img_id": 7,
      "aud_id": 7,
      "transform_matrix": [
        [
          0.9990199208259583,
          -0.04052937403321266,
          -0.01779334247112274,
          -0.0027593709528446198
        ],
        [
          0.04078312963247299,
          0.9990680813789368,
          0.014137817546725273,
          -0.004859176464378834
        ],
        [
          0.017203761264681816,
          -0.014849629253149033,
          0.9997417330741882,
          0.7707505822181702
        ],
        [
          0.0,
          0.0,
          0.0,
          1.0
        ]
      ]
    },
    {
      "img_id": 8,
      "aud_id": 8,
      "transform_matrix": [
        [
          0.9984567165374756,
          -0.05211378633975983,
          -0.01919127255678177,
          -0.00722577515989542
        ],
        [
          0.052481673657894135,
          0.9984374642372131,
          0.019192323088645935,
          -0.000801614485681057
        ],
        [
          0.018161101266741753,
          -0.020169895142316818,
          0.9996316432952881,
          0.7749425768852234
        ],
        [
          0.0,
          0.0,
          0.0,
          1.0
        ]
      ]
    },
    {
      "img_id": 9,
      "aud_id": 9,
      "transform_matrix": [
        [
          0.9977385997772217,
          -0.06599677354097366,
          -0.012731595896184444,
          -0.005177943967282772
        ],
        [
          0.06614473462104797,
          0.9977428913116455,
          0.011572827585041523,
          -0.007023991085588932
        ],
        [
          0.011939090676605701,
          -0.012388785369694233,
          0.9998519420623779,
          0.7785951495170593
        ],
        [
          0.0,
          0.0,
          0.0,
          1.0
        ]
      ]
    },
    {
      "img_id": 10,
      "aud_id": 10,
      "transform_matrix": [
        [
          0.9972290396690369,
          -0.07427909970283508,
          -0.004098846577107906,
          -0.0008971584029495716
        ],
        [
          0.07433472573757172,
          0.9971098303794861,
          0.01569502241909504,
          -0.004154668189585209
        ],
        [
          0.002921187784522772,
          -0.015956219285726547,
          0.9998683929443359,
          0.7820817828178406
        ],
        [
          0.0,
          0.0,
          0.0,
          1.0
        ]
      ]
    },
    {
      "img_id": 11,
      "aud_id": 11,
      "transform_matrix": [
        [
          0.9970279335975647,
          -0.07701383531093597,
          0.002012929879128933,
          0.0012025274336338043
        ],
        [
          0.07694888114929199,
          0.9967783689498901,
          0.02262079529464245,
          0.0003560539335012436
        ],
        [
          -0.003748559160158038,
          -0.022398672997951508,
          0.9997420907020569,
          0.7842950820922852
        ],
        [
          0.0,
          0.0,
          0.0,
          1.0
        ]
      ]
    },
    {
      "img_id": 12,
      "aud_id": 12,
      "transform_matrix": [
        [
          0.9961698651313782,
          -0.08732149004936218,
          0.004546320531517267,
          0.0012733677867799997
        ],
        [
          0.0871417373418808,
          0.9957208037376404,
          0.030763769522309303,
          0.006234701722860336
        ],
        [
          -0.00721320416778326,
          -0.030249765142798424,
          0.9995163679122925,
          0.7840490937232971
        ],
        [
          0.0,
          0.0,
          0.0,
          1.0
        ]
      ]
    },
    {
      "img_id": 13,
      "aud_id": 13,
      "transform_matrix": [
        [
          0.9949577450752258,
          -0.09966259449720383,
          0.011242528446018696,
          0.0046217069029808044
        ],
        [
          0.09932638704776764,
          0.9946804642677307,
          0.027295688167214394,
          0.0031761862337589264
        ],
        [
          -0.013903082348406315,
          -0.02604137733578682,
          0.9995641708374023,
          0.7810384035110474
        ],
        [
          0.0,
          0.0,
          0.0,
          1.0
        ]
      ]
    },
    {
      "img_id": 14,
      "aud_id": 14,
      "transform_matrix": [
        [
          0.99485844373703,
          -0.10030119121074677,
          0.014012632891535759,
          0.004585118964314461
        ],
        [
          0.09979777038097382,
          0.9944632053375244,
          0.03291284665465355,
          0.007137876003980637
        ],
        [
          -0.017236245796084404,
          -0.031345196068286896,
          0.9993599653244019,
          0.776413083076477
        ],
        [
          0.0,
          0.0,
          0.0,
          1.0
        ]
      ]
    },
    {
      "img_id": 15,
      "aud_id": 15,
      "transform_matrix": [
        [
          0.995215654373169,
          -0.0959426537156105,
          0.018460189923644066,
          0.005841925740242004
        ],
        [
          0.09510408341884613,
          0.9945840239524841,
          0.0419258251786232,
          0.014139397069811821
        ],
        [
          -0.022382685914635658,
          -0.03996959701180458,
          0.9989501237869263,
          0.7692769169807434
        ],
        [
          0.0,
          0.0,
          0.0,
          1.0
        ]
      ]
    },
    {
      "img_id": 16,
      "aud_id": 16,
      "transform_matrix": [
        [
          0.9949350357055664,
          -0.09796591848134995,
          0.02251579426229,
          0.007834255695343018
        ],
        [
          0.09690666943788528,
          0.9943155646324158,
          0.044110752642154694,
          0.015265172347426414
        ],
        [
          -0.02670915424823761,
          -0.041705403476953506,
          0.998772919178009,
          0.7608672976493835
        ],
        [
          0.0,
          0.0,
          0.0,
          1.0
        ]
      ]
    },
    {
      "img_id": 17,
      "aud_id": 17,
      "transform_matrix": [
        [
          0.9947794079780579,
          -0.0979972556233406,
          0.02846888080239296,
          0.011783760040998459
        ],
        [
          0.09653501957654953,
          0.9941297173500061,
          0.048857979476451874,
          0.017995119094848633
        ],
        [
          -0.03308970853686333,
          -0.04585466906428337,
          0.9983999729156494,
          0.7521154880523682
        ],
        [
          0.0,
          0.0,
          0.0,
          1.0
        ]
      ]
    },
    {
      "img_id": 18,
      "aud_id": 18,
      "transform_matrix": [
        [
          0.9946959018707275,
          -0.0972948744893074,
          0.0333736389875412,
          0.015286891721189022
        ],
        [
          0.0952477902173996,
          0.993747889995575,
          0.05824932083487511,
          0.02406456135213375
        ],
        [
          -0.038832347840070724,
          -0.05476159602403641,
          0.997744083404541,
          0.7438055276870728
        ],
        [
          0.0,
          0.0,
          0.0,
          1.0
        ]
      ]
    },
    {
      "img_id": 19,
      "aud_id": 19,
      "transform_matrix": [
        [
          0.9945394992828369,
          -0.09774063527584076,
          0.036578331142663956,
          0.01788737252354622
        ],
        [
          0.09506411105394363,
          0.9930848479270935,
          0.0688859149813652,
          0.030695639550685883
        ],
        [
          -0.04305834323167801,
          -0.0650324746966362,
          0.9969537258148193,
          0.736361026763916
        ],
        [
          0.0,
          0.0,
          0.0,
          1.0
        ]
      ]
    },
    {
      "img_id": 20,
      "aud_id": 20,
      "transform_matrix": [
        [
          0.9951121211051941,
          -0.09204714000225067,
          0.035764630883932114,
          0.016816042363643646
        ],
        [
          0.08993670344352722,
          0.9943315386772156,
          0.056711338460445404,
          0.02089172787964344
        ],
        [
          -0.04078201949596405,
          -0.05321758985519409,
          0.9977498054504395,
          0.7288044095039368
        ],
        [
          0.0,
          0.0,
          0.0,
          1.0
        ]
      ]
    },
    {
      "img_id": 21,
      "aud_id": 21,
      "transform_matrix": [
        [
          0.9961613416671753,
          -0.08158046007156372,
          0.031736794859170914,
          0.01275591179728508
        ],
        [
          0.07941406965255737,
          0.9947595596313477,
          0.06439581513404846,
          0.025169767439365387
        ],
        [
          -0.03682391718029976,
          -0.06162826716899872,
          0.9974196553230286,
          0.7223994135856628
        ],
        [
          0.0,
          0.0,
          0.0,
          1.0
        ]
      ]
    },
    {
      "img_id": 22,
      "aud_id": 22,
      "transform_matrix": [
        [
          0.9961622953414917,
          -0.08384432643651962,
          0.02511468715965748,
          0.008195721544325352
        ],
        [
          0.08172941952943802,
          0.993762195110321,
          0.0758742168545723,
          0.03265991806983948
        ],
        [
          -0.03131965175271034,
          -0.07353043556213379,
          0.9968010187149048,
          0.7156804203987122
        ],
        [
          0.0,
          0.0,
          0.0,
          1.0
        ]
      ]
    },
    {
      "img_id": 23,
      "aud_id": 23,
      "transform_matrix": [
        [
          0.9953079223632812,
          -0.09412949532270432,
          0.022401047870516777,
          0.007495235651731491
        ],
        [
          0.09210988134145737,
          0.9926459193229675,
          0.07854863256216049,
          0.034146398305892944
        ],
        [
          -0.02963005192577839,
          -0.07611671835184097,
          0.9966585636138916,
          0.7083855867385864
        ],
        [
          0.0,
          0.0,
          0.0,
          1.0
        ]
      ]
    },
    {
      "img_id": 24,
      "aud_id": 24,
      "transform_matrix": [
        [
          0.9952556490898132,
          -0.09515269845724106,
          0.020300094038248062,
          0.006330138072371483
        ],
        [
          0.0930645614862442,
          0.9918878078460693,
          0.08658897876739502,
          0.03911864012479782
        ],
        [
          -0.02837458997964859,
          -0.08428895473480225,
          0.9960373044013977,
          0.7012730240821838
        ],
        [
          0.0,
          0.0,
          0.0,
          1.0
        ]
      ]
    },
    {
      "img_id": 25,
      "aud_id": 25,
      "transform_matrix": [
        [
          0.9959424138069153,
          -0.08836819231510162,
          0.01702084392309189,
          0.003492041490972042
        ],
        [
          0.08668448030948639,
          0.9928268790245056,
          0.08234403282403946,
          0.03524588420987129
        ],
        [
          -0.02417534589767456,
          -0.08053448051214218,
          0.9964586496353149,
          0.6933395266532898
        ],
        [
          0.0,
          0.0,
          0.0,
          1.0
        ]
      ]
    },
    {
      "img_id": 26,
      "aud_id": 26,
      "transform_matrix": [
        [
          0.9948955178260803,
          -0.09994789958000183,
          0.013903835788369179,
          0.0031792265363037586
        ],
        [
          0.09841182827949524,
          0.991478681564331,
          0.08535271883010864,
          0.036665767431259155
        ],
        [
          -0.022316183894872665,
          -0.08354873955249786,
          0.9962537884712219,
          0.685545027256012
        ],
        [
          0.0,
          0.0,
          0.0,
          1.0
        ]
      ]
    },
    {
      "img_id": 27,
      "aud_id": 27,
      "transform_matrix": [
        [
          0.994891881942749,
          -0.10054856538772583,
          0.008947431109845638,
          0.0008948855102062225
        ],
        [
          0.09938162565231323,
          0.9911633729934692,
          0.08785484731197357,
          0.03842484951019287
        ],
        [
          -0.017702044919133186,
          -0.0865168645977974,
          0.9960930943489075,
          0.6784558296203613
        ],
        [
          0.0,
          0.0,
          0.0,
          1.0
        ]
      ]
    },
    {
      "img_id": 28,
      "aud_id": 28,
      "transform_matrix": [
        [
          0.9958341121673584,
          -0.091182641685009,
          0.0003461390733718872,
          -0.004400065168738365
        ],
        [
          0.09080483764410019,
          0.9920392036437988,
          0.08725107461214066,
          0.03798031806945801
        ],
        [
          -0.008299168199300766,
          -0.0868561640381813,
          0.9961862564086914,
          0.6717256307601929
        ],
        [
          0.0,
          0.0,
          0.0,
          1.0
        ]
      ]
    },
    {
      "img_id": 29,
      "aud_id": 29,
      "transform_matrix": [
        [
          0.9976639747619629,
          -0.06810865551233292,
          -0.005272840149700642,
          -0.008420140482485294
        ],
        [
          0.06829503923654556,
          0.9926907420158386,
          0.0995030328631401,
          0.04530518129467964
        ],
        [
          -0.0015427186153829098,
          -0.0996306985616684,
          0.995023250579834,
          0.6652696132659912
        ],
        [
          0.0,
          0.0,
          0.0,
          1.0
        ]
      ]
    },
    {
      "img_id": 30,
      "aud_id": 30,
      "transform_matrix": [
        [
          0.9991418719291687,
          -0.040755778551101685,
          -0.007383093237876892,
          -0.010518541559576988
        ],
        [
          0.041319504380226135,
          0.9931309819221497,
          0.10946907103061676,
          0.051137566566467285
        ],
        [
          0.002870881697162986,
          -0.1096801906824112,
          0.9939627647399902,
          0.6586447358131409
        ],
        [
          0.0,
          0.0,
          0.0,
          1.0
        ]
      ]
    },
    {
      "img_id": 31,
      "aud_id": 31,
      "transform_matrix": [
        [
          0.9992156624794006,
          -0.037133000791072845,
          -0.013758285902440548,
          -0.013143797405064106
        ],
        [
          0.03855202719569206,
          0.991571843624115,
          0.12368916720151901,
          0.059722378849983215
        ],
        [
          0.009049379266798496,
          -0.12412256002426147,
          0.9922255873680115,
          0.6525456309318542
        ],
        [
          0.0,
          0.0,
          0.0,
          1.0
        ]
      ]
    },
    {
      "img_id": 32,
      "aud_id": 32,
      "transform_matrix": [
        [
          0.9997901320457458,
          -0.0196530744433403,
          -0.005778137594461441,
          -0.00716623617336154
        ],
        [
          0.02020368166267872,
          0.9926020503044128,
          0.11971999704837799,
          0.05757060647010803
        ],
        [
          0.0033825254067778587,
          -0.11981161683797836,
          0.9927908778190613,
          0.6528113484382629
        ],
        [
          0.0,
          0.0,
          0.0,
          1.0
        ]
      ]
    },
    {
      "img_id": 33,
      "aud_id": 33,
      "transform_matrix": [
        [
          0.9992900490760803,
          -0.03719332069158554,
          0.006009323056787252,
          0.004926836583763361
        ],
        [
          0.03623586893081665,
          0.9924700856208801,
          0.11700461059808731,
          0.05660506337881088
        ],
        [
          -0.01031586341559887,
          -0.11670377850532532,
          0.9931131601333618,
          0.6555942893028259
        ],
        [
          0.0,
          0.0,
          0.0,
          1.0
        ]
      ]
    },
    {
      "img_id": 34,
      "aud_id": 34,
      "transform_matrix": [
        [
          0.9989585280418396,
          -0.04113180190324783,
          0.019749954342842102,
          0.016596971079707146
        ],
        [
          0.03844571113586426,
          0.9918903112411499,
          0.12114284187555313,
          0.05992920696735382
        ],
        [
          -0.02457261085510254,
          -0.12025737762451172,
          0.9924386143684387,
          0.6578357815742493
        ],
        [
          0.0,
          0.0,
          0.0,
          1.0
        ]
      ]
    },
    {
      "img_id": 35,
      "aud_id": 35,
      "transform_matrix": [
        [
          0.9987611770629883,
          -0.0409265011548996,
          0.028304211795330048,
          0.023954205214977264
        ],
        [
          0.03739342838525772,
          0.9925768375396729,
          0.11572808027267456,
          0.0566919706761837
        ],
        [
          -0.03283045068383217,
          -0.11452632397413254,
          0.9928776025772095,
          0.6592115759849548
        ],
        [
          0.0,
          0.0,
          0.0,
          1.0
        ]
      ]
    },
    {
      "img_id": 36,
      "aud_id": 36,
      "transform_matrix": [
        [
          0.9986335635185242,
          -0.040205731987953186,
          0.03338522091507912,
          0.028583543375134468
        ],
        [
          0.03591597080230713,
          0.9920734763145447,
          0.12041706591844559,
          0.06008392944931984
        ],
        [
          -0.03796204552054405,
          -0.11905346065759659,
          0.9921618700027466,
          0.659540057182312
        ],
        [
          0.0,
          0.0,
          0.0,
          1.0
        ]
      ]
    },
    {
      "img_id": 37,
      "aud_id": 37,
      "transform_matrix": [
        [
          0.9984472990036011,
          -0.03805018961429596,
          0.04068339988589287,
          0.03438350185751915
        ],
        [
          0.032820746302604675,
          0.9919543266296387,
          0.1222677081823349,
          0.061703044921159744
        ],
        [
          -0.04500838369131088,
          -0.12074259668588638,
          0.9916629791259766,
          0.6588152050971985
        ],
        [
          0.0,
          0.0,
          0.0,
          1.0
        ]
      ]
    },
    {
      "img_id": 38,
      "aud_id": 38,
      "transform_matrix": [
        [
          0.9987082481384277,
          -0.027073148638010025,
          0.04299750551581383,
          0.03592861071228981
        ],
        [
          0.021768096834421158,
          0.9926097989082336,
          0.11938119679689407,
          0.06058969348669052
        ],
        [
          -0.045911770313978195,
          -0.11829101294279099,
          0.9919169545173645,
          0.6586757302284241
        ],
        [
          0.0,
          0.0,
          0.0,
          1.0
        ]
      ]
    },
    {
      "img_id": 39,
      "aud_id": 39,
      "transform_matrix": [
        [
          0.9986433982849121,
          -0.02837461791932583,
          0.04366178438067436,
          0.03665712848305702
        ],
        [
          0.0229470357298851,
          0.9924913644790649,
          0.12014304101467133,
          0.061661504209041595
        ],
        [
          -0.04674295708537102,
          -0.11897813528776169,
          0.9917960166931152,
          0.6588716506958008
        ],
        [
          0.0,
          0.0,
          0.0,
          1.0
        ]
      ]
    },
    {
      "img_id": 40,
      "aud_id": 40,
      "transform_matrix": [
        [
          0.9982571601867676,
          -0.03729258105158806,
          0.0457368865609169,
          0.038630466908216476
        ],
        [
          0.03165016323328018,
          0.9924585819244385,
          0.11842390894889832,
          0.06130101531744003
        ],
        [
          -0.04980830103158951,
          -0.116769939661026,
          0.9919092059135437,
          0.6594605445861816
        ],
        [
          0.0,
          0.0,
          0.0,
          1.0
        ]
      ]
    },
    {
      "img_id": 41,
      "aud_id": 41,
      "transform_matrix": [
        [
          0.9982376098632812,
          -0.04023410379886627,
          0.04362215846776962,
          0.03680289536714554
        ],
        [
          0.03484678640961647,
          0.9924127459526062,
          0.11790935695171356,
          0.061529867351055145
        ],
        [
          -0.048035163432359695,
          -0.11618146300315857,
          0.9920657277107239,
          0.6612005233764648
        ],
        [
          0.0,
          0.0,
          0.0,
          1.0
        ]
      ]
    },
    {
      "img_id": 42,
      "aud_id": 42,
      "transform_matrix": [
        [
          0.9985811710357666,
          -0.037219610065221786,
          0.03808346018195152,
          0.031861789524555206
        ],
        [
          0.03246716782450676,
          0.9924129247665405,
          0.11858485639095306,
          0.06278201937675476
        ],
        [
          -0.04220820218324661,
          -0.11718014627695084,
          0.9922133088111877,
          0.663970410823822
        ],
        [
          0.0,
          0.0,
          0.0,
          1.0
        ]
      ]
    },
    {
      "img_id": 43,
      "aud_id": 43,
      "transform_matrix": [
        [
          0.9985860586166382,
          -0.040726445615291595,
          0.03416366130113602,
          0.027990907430648804
        ],
        [
          0.036665208637714386,
          0.9930229187011719,
          0.11207600682973862,
          0.05923716723918915
        ],
        [
          -0.03848975896835327,
          -0.11066493391990662,
          0.9931121468544006,
          0.6675730347633362
        ],
        [
          0.0,
          0.0,
          0.0,
          1.0
        ]
      ]
    },
    {
      "img_id": 44,
      "aud_id": 44,
      "transform_matrix": [
        [
          0.9988242387771606,
          -0.04135535657405853,
          0.02529393695294857,
          0.02078811079263687
        ],
        [
          0.038603708148002625,
          0.9941375851631165,
          0.10099615901708603,
          0.05208878219127655
        ],
        [
          -0.029322385787963867,
          -0.099900983273983,
          0.9945652484893799,
          0.6719182729721069
        ],
        [
          0.0,
          0.0,
          0.0,
          1.0
        ]
      ]
    },
    {
      "img_id": 45,
      "aud_id": 45,
      "transform_matrix": [
        [
          0.9986840486526489,
          -0.046821098774671555,
          0.020925628021359444,
          0.016775593161582947
        ],
        [
          0.04504891112446785,
          0.9959064722061157,
          0.07836342602968216,
          0.036810051649808884
        ],
        [
          -0.02450903318822384,
          -0.07731763273477554,
          0.996705174446106,
          0.6757603287696838
        ],
        [
          0.0,
          0.0,
          0.0,
          1.0
        ]
      ]
    },
    {
      "img_id": 46,
      "aud_id": 46,
      "transform_matrix": [
        [
          0.9982768297195435,
          -0.055114906281232834,
          0.020142456516623497,
          0.015025444328784943
        ],
        [
          0.05347084626555443,
          0.9957761168479919,
          0.0746382474899292,
          0.03449709713459015
        ],
        [
          -0.02417105622589588,
          -0.07343259453773499,
          0.9970071911811829,
          0.6796658039093018
        ],
        [
          0.0,
          0.0,
          0.0,
          1.0
        ]
      ]
    },
    {
      "img_id": 47,
      "aud_id": 47,
      "transform_matrix": [
        [
          0.9978931546211243,
          -0.06269796937704086,
          0.01668233796954155,
          0.010801343247294426
        ],
        [
          0.061473697423934937,
          0.9959330558776855,
          0.06586635857820511,
          0.028440119698643684
        ],
        [
          -0.02074417844414711,
          -0.06470206379890442,
          0.9976890087127686,
          0.6837642788887024
        ],
        [
          0.0,
          0.0,
          0.0,
          1.0
        ]
      ]
    },
    {
      "img_id": 48,
      "aud_id": 48,
      "transform_matrix": [
        [
          0.9976025819778442,
          -0.06788767129182816,
          0.01342887245118618,
          0.006074819248169661
        ],
        [
          0.0669967383146286,
          0.9960471391677856,
          0.05832258239388466,
          0.02281249314546585
        ],
        [
          -0.01733517460525036,
          -0.05728306993842125,
          0.9982074499130249,
          0.6878476142883301
        ],
        [
          0.0,
          0.0,
          0.0,
          1.0
        ]
      ]
    },
    {
      "img_id": 49,
      "aud_id": 49,
      "transform_matrix": [
        [
          0.9962165951728821,
          -0.0860951691865921,
          0.011834045872092247,
          0.003809853456914425
        ],
        [
          0.08532095700502396,
          0.9948295950889587,
          0.055084507912397385,
          0.02064337395131588
        ],
        [
          -0.016515370458364487,
          -0.05386641249060631,
          0.9984115362167358,
          0.6916161775588989
        ],
        [
          0.0,
          0.0,
          0.0,
          1.0
        ]
      ]
    },
    {
      "img_id": 50,
      "aud_id": 50,
      "transform_matrix": [
        [
          0.9948118329048157,
          -0.10139449685811996,
          0.008280453272163868,
          0.000397468451410532
        ],
        [
          0.10081063956022263,
          0.9934607148170471,
          0.05360059812664986,
          0.020018072798848152
        ],
        [
          -0.013661110773682594,
          -0.052487749606370926,
          0.9985280632972717,
          0.6953547596931458
        ],
        [
          0.0,
          0.0,
          0.0,
          1.0
        ]
      ]
    },
    {
      "img_id": 51,
      "aud_id": 51,
      "transform_matrix": [
        [
          0.9949612617492676,
          -0.100179024040699,
          0.00402823556214571,
          -0.005004514940083027
        ],
        [
          0.09989721328020096,
          0.9939755201339722,
          0.04509088024497032,
          0.013960698619484901
        ],
        [
          -0.00852112751454115,
          -0.04446127265691757,
          0.9989748001098633,
          0.6984497308731079
        ],
        [
          0.0,
          0.0,
          0.0,
          1.0
        ]
      ]
    },
    {
      "img_id": 52,
      "aud_id": 52,
      "transform_matrix": [
        [
          0.9953342080116272,
          -0.09645630419254303,
          -0.0024329021107405424,
          -0.011896061711013317
        ],
        [
          0.09646286815404892,
          0.9942054152488708,
          0.047437939792871475,
          0.015445856377482414
        ],
        [
          -0.0021568837109953165,
          -0.04745129123330116,
          0.9988712072372437,
          0.7012436389923096
        ],
        [
          0.0,
          0.0,
          0.0,
          1.0
        ]
      ]
    },
    {
      "img_id": 53,
      "aud_id": 53,
      "transform_matrix": [
        [
          0.9941509962081909,
          -0.10783504694700241,
          -0.00594779197126627,
          -0.014656580053269863
        ],
        [
          0.10799798369407654,
          0.9928655624389648,
          0.05054135620594025,
          0.017730586230754852
        ],
        [
          0.0004552284663077444,
          -0.05088808760046959,
          0.9987042546272278,
          0.7035072445869446
        ],
        [
          0.0,
          0.0,
          0.0,
          1.0
        ]
      ]
    },
    {
      "img_id": 54,
      "aud_id": 54,
      "transform_matrix": [
        [
          0.9942653179168701,
          -0.1063309758901596,
          -0.01141170971095562,
          -0.019320804625749588
        ],
        [
          0.10674729198217392,
          0.9932217001914978,
          0.04599614813923836,
          0.014701560139656067
        ],
        [
          0.0064435433596372604,
          -0.04695054516196251,
          0.9988763928413391,
          0.7048092484474182
        ],
        [
          0.0,
          0.0,
          0.0,
          1.0
        ]
      ]
    },
    {
      "img_id": 55,
      "aud_id": 55,
      "transform_matrix": [
        [
          0.993904709815979,
          -0.10941687971353531,
          -0.013463908806443214,
          -0.02076580375432968
        ],
        [
          0.10985710471868515,
          0.9932175874710083,
          0.03808201849460602,
          0.009217118844389915
        ],
        [
          0.009205775335431099,
          -0.039329010993242264,
          0.9991839528083801,
          0.705554723739624
        ],
        [
          0.0,
          0.0,
          0.0,
          1.0
        ]
      ]
    },
    {
      "img_id": 56,
      "aud_id": 56,
      "transform_matrix": [
        [
          0.9935343861579895,
          -0.11284507066011429,
          -0.012469444423913956,
          -0.019732708111405373
        ],
        [
          0.1132265254855156,
          0.9929177165031433,
          0.03597303107380867,
          0.007953345775604248
        ],
        [
          0.008321753703057766,
          -0.03715231642127037,
          0.9992749094963074,
          0.7061610817909241
        ],
        [
          0.0,
          0.0,
          0.0,
          1.0
        ]
      ]
    },
    {
      "img_id": 57,
      "aud_id": 57,
      "transform_matrix": [
        [
          0.9937256574630737,
          -0.11122780293226242,
          -0.011733103543519974,
          -0.018896225839853287
        ],
        [
          0.11156599968671799,
          0.9931822419166565,
          0.03379609435796738,
          0.006538890302181244
        ],
        [
          0.007894044741988182,
          -0.034893058240413666,
          0.9993598461151123,
          0.706282913684845
        ],
        [
          0.0,
          0.0,
          0.0,
          1.0
        ]
      ]
    },
    {
      "img_id": 58,
      "aud_id": 58,
      "transform_matrix": [
        [
          0.9943816661834717,
          -0.10542703419923782,
          -0.009495100006461143,
          -0.01712469756603241
        ],
        [
          0.10573278367519379,
          0.993528425693512,
          0.04149394854903221,
          0.011856241151690483
        ],
        [
          0.005059069488197565,
          -0.04226476699113846,
          0.9990935921669006,
          0.7063066363334656
        ],
        [
          0.0,
          0.0,
          0.0,
          1.0
        ]
      ]
    },
    {
      "img_id": 59,
      "aud_id": 59,
      "transform_matrix": [
        [
          0.9937028884887695,
          -0.11204592138528824,
          -0.0005140197463333607,
          -0.009249313734471798
        ],
        [
          0.11194995045661926,
          0.9926397204399109,
          0.04618881642818451,
          0.015491746366024017
        ],
        [
          -0.0046650320291519165,
          -0.04595550522208214,
          0.9989326000213623,
          0.7061236500740051
        ],
        [
          0.0,
          0.0,
          0.0,
          1.0
        ]
      ]
    },
    {
      "img_id": 60,
      "aud_id": 60,
      "transform_matrix": [
        [
          0.993513286113739,
          -0.1136094406247139,
          0.004918252117931843,
          -0.0044891564175486565
        ],
        [
          0.1132025271654129,
          0.9922078847885132,
          0.05204448476433754,
          0.019441021606326103
        ],
        [
          -0.01079267356544733,
          -0.0511501282453537,
          0.9986326694488525,
          0.7056357264518738
        ],
        [
          0.0,
          0.0,
          0.0,
          1.0
        ]
      ]
    },
    {
      "img_id": 61,
      "aud_id": 61,
      "transform_matrix": [
        [
          0.994939923286438,
          -0.10026926547288895,
          0.006380473729223013,
          -0.0036383848637342453
        ],
        [
          0.09965044260025024,
          0.9929166436195374,
          0.06470204144716263,
          0.02831174060702324
        ],
        [
          -0.012822904624044895,
          -0.06373882293701172,
          0.9978842735290527,
          0.7049800753593445
        ],
        [
          0.0,
          0.0,
          0.0,
          1.0
        ]
      ]
    },
    {
      "img_id": 62,
      "aud_id": 62,
      "transform_matrix": [
        [
          0.9951136708259583,
          -0.09858230501413345,
          0.005500171333551407,
          -0.0024579353630542755
        ],
        [
          0.09800027310848236,
          0.9929548501968384,
          0.0666084885597229,
          0.029483653604984283
        ],
        [
          -0.012027840130031109,
          -0.06574399769306183,
          0.9977640509605408,
          0.7041318416595459
        ],
        [
          0.0,
          0.0,
          0.0,
          1.0
        ]
      ]
    },
    {
      "img_id": 63,
      "aud_id": 63,
      "transform_matrix": [
        [
          0.9969545602798462,
          -0.07793856412172318,
          0.002660729456692934,
          -0.004394117277115583
        ],
        [
          0.07760414481163025,
          0.9948846101760864,
          0.06466999650001526,
          0.028200490400195122
        ],
        [
          -0.0076874056831002235,
          -0.06426656246185303,
          0.9979031085968018,
          0.7031387090682983
        ],
        [
          0.0,
          0.0,
          0.0,
          1.0
        ]
      ]
    },
    {
      "img_id": 64,
      "aud_id": 64,
      "transform_matrix": [
        [
          0.9964910745620728,
          -0.08369623869657516,
          -0.0006722812540829182,
          -0.004647430963814259
        ],
        [
          0.08355578035116196,
          0.9942850470542908,
          0.06645024567842484,
          0.02970770373940468
        ],
        [
          -0.004893195815384388,
          -0.06627324223518372,
          0.9977895021438599,
          0.7012099027633667
        ],
        [
          0.0,
          0.0,
          0.0,
          1.0
        ]
      ]
    },
    {
      "img_id": 65,
      "aud_id": 65,
      "transform_matrix": [
        [
          0.996429979801178,
          -0.08440971374511719,
          0.0015424247831106186,
          -0.0016141773667186499
        ],
        [
          0.08409614115953445,
          0.994005024433136,
          0.06986986845731735,
          0.03252968192100525
        ],
        [
          -0.007430874276906252,
          -0.06949072331190109,
          0.9975548982620239,
          0.6984732151031494
        ],
        [
          0.0,
          0.0,
          0.0,
          1.0
        ]
      ]
    },
    {
      "img_id": 66,
      "aud_id": 66,
      "transform_matrix": [
        [
          0.9977362155914307,
          -0.0671902596950531,
          0.0028224405832588673,
